1950: 7 14 11 11 14 11 19 44 29 25 24 17 226 
1951: 25 9 12 18 19 13 18 25 18 45 34 21 257 
1952: 12 12 42 23 17 27 30 19 16 41 69 27 335 
1953: 14 16 22 22 22 22 23 25 18 20 25 19 248 
1954: 13 22 18 21 20 11 27 28 25 19 13 18 235 
1955: 18 14 24 26 26 24 23 11 20 16 10 7 219 
1956: 20 38 19 12 15 23 23 18 17 19 16 17 237 
1957: 20 20 50 39 27 31 30 21 21 30 22 21 332 
1958: 31 27 17 42 27 33 35 35 26 18 37 24 352 
1959: 33 17 15 30 32 26 24 45 42 16 29 26 335 
1960: 23 16 32 11 33 31 28 19 28 21 21 18 281 
1961: 20 23 22 28 19 28 25 25 17 18 12 14 251 
1962: 11 10 18 24 17 16 19 27 12 15 22 21 212 
1963: 16 14 31 21 30 42 30 26 27 46 19 19 321 
1964: 20 11 45 42 30 24 29 15 20 22 22 22 302 
1965: 13 54 38 33 22 32 21 34 29 17 27 21 341 
1966: 13 27 23 21 22 29 12 35 12 13 13 17 237 
1967: 36 18 23 20 12 22 15 24 25 18 27 18 258 
1968: 23 21 16 14 49 31 24 41 26 24 19 21 309 
1969: 26 21 30 32 18 18 23 62 37 25 14 21 327 
1970: 25 34 27 42 27 33 22 27 20 22 33 37 349 
1971: 34 29 28 26 36 18 65 36 40 34 18 25 389 
1972: 32 24 31 28 31 23 25 40 45 29 35 46 389 
1973: 109 103 114 98 84 163 162 117 105 107 134 135 1431 
1974: 133 135 102 97 126 130 128 146 101 110 101 106 1415 
1975: 101 100 112 155 114 200 135 122 117 128 140 129 1553 
1976: 250 137 125 103 135 141 162 159 160 129 132 141 1774 
1977: 138 103 141 167 129 118 122 193 150 189 169 160 1779 
1978: 149 146 228 112 138 109 117 125 129 121 133 122 1629 
1979: 113 119 129 115 141 115 116 104 108 152 111 145 1468 
1980: 130 126 119 110 99 151 135 96 92 125 115 110 1408 
1981: 137 107 117 90 103 97 106 79 112 101 108 108 1265 
1982: 129 97 136 106 122 109 120 133 141 110 120 182 1505 
1983: 168 124 128 146 151 131 195 143 145 134 157 180 1802 
1984: 132 116 150 130 137 140 152 136 158 147 147 138 1683 
1985: 158 119 213 143 117 141 143 162 180 144 148 138 1806 
1986: 128 90 161 117 221 158 150 161 113 192 139 135 1765 
1987: 132 153 158 123 119 138 139 119 115 148 120 108 1572 
1988: 137 164 141 122 125 103 146 150 119 107 152 132 1598 
1989: 129 145 115 127 169 120 81 128 106 141 147 153 1561 
1990: 132 127 144 187 132 141 176 142 134 130 139 181 1765 
1991: 172 125 131 139 128 143 116 135 96 136 88 174 1583 
1992: 105 109 135 112 149 149 151 135 158 161 134 177 1675 
1993: 115 112 152 118 144 123 138 124 161 126 109 142 1564 
1994: 111 108 86 114 146 183 133 152 127 254 133 146 1693 
1995: 153 137 92 137 171 100 108 124 90 121 91 177 1501 
1996: 94 125 103 85 61 128 87 127 184 127 155 97 1373 
1997: 97 64 114 137 102 85 102 80 80 108 102 163 1234 
1998: 100 69 99 69 115 72 87 93 85 104 96 85 1074 
1999: 96 93 99 79 100 79 84 101 106 91 121 143 1192 
2000: 106 95 94 86 91 159 150 138 91 123 235 127 1495 
2001: 138 120 96 103 93 154 113 125 87 122 112 89 1352 
2002: 123 90 106 93 93 114 79 107 131 140 131 102 1309 
2003: 107 86 100 84 108 87 125 130 148 125 130 134 1364 
2004: 143 111 120 120 122 88 108 94 122 123 175 346 1672 
2005: 331 149 200 162 116 118 134 114 135 157 107 120 1843 
2006: 87 104 136 194 192 125 231 146 114 166 250 132 1877 
2007: 206 158 165 264 138 127 166 215 269 178 209 188 2283 
2008: 127 169 164 185 188 182 141 174 151 156 149 179 1965 
2009: 205 184 167 148 140 141 188 159 164 273 150 156 2075 
2010: 204 303 287 150 141 138 190 191 172 169 172 278 2395 
2011: 201 157 700 189 211 193 249 182 155 150 161 144 2692 
2012: 173 191 129 185 106 110 117 134 142 139 133 121 1680 
2013: 102 287 109 134 133 93 117 112 117 135 143 114 1596 
2014: 112 108 156 244 145 153 124 119 131 131 152 154 1729 
2015: 121 122 112 111 176 103 136 116 207 92 151 111 1558 
2016: 132 103 104 158 94 126 128 153 177 106 170 245 1696 
2017: 154 111 135 136 150 100 110 120 146 120 168 113 1563 
2018: 104 0 0 0 0 0 0 0 0 0 0 0 104 
=================================================
TOTAL:  6909 6292 7218 6570 6480 6346 6687 6697 6601 6801 6900 7157 80658
